% Oblig 3 FYS-MEK
% a 
x_0 = sqrt(0.5^2 - 0.3^2)

% i) N 
N_lo = 5*9.81 + 500*0.3*(1-0.5/sqrt(0.4^2 + 0.3^2))